第0代 
[2.0, 2.0, 2.0, 2.0, 2.0]
[2.0, 2.0, 2.0, 2.0, 2.0]
[2.0, 2.0, 2.0, 2.0, 2.0]
[2.0, 2.0, 2.0, 2.0, 2.0]
[0.0, 2.0, 2.0, 2.0, 2.0]
[0.0, 2.0, 2.0, 2.0, 2.0]
[2.0, 0.0, 2.0, 2.0, 2.0]
[2.0, 2.0, 2.0, 2.0, 0.0]
[2.0, 2.0, 2.0, 2.0, 0.0]
[2.0, 0.0, 0.0, 2.0, 2.0]
=====================================
第1代 
[2.0, 0.0, 0.0, 2.0, 2.0]
[2.0, 0.0, 0.0, 2.0, 2.0]
[2.0, 0.0, 0.0, 2.0, 2.0]
[0.0, 2.0, 2.0, 2.0, 2.0]
[2.0, 0.0, 2.0, 2.0, 2.0]
[2.0, 2.0, 2.0, 2.0, 0.0]
[2.0, 2.0, 2.0, 2.0, 0.0]
[0.0, 2.0, 2.0, 2.0, 2.0]
[2.0, 2.0, 2.0, 2.0, 0.0]
[2.0, 0.0, 2.0, 2.0, 2.0]
=====================================
第2代 
[2.0, 0.0, 0.0, 2.0, 2.0]
[2.0, 0.0, 0.0, 2.0, 2.0]
[2.0, 0.0, 0.0, 2.0, 2.0]
[0.0, 2.0, 2.0, 2.0, 2.0]
[2.0, 0.0, 2.0, 2.0, 2.0]
[2.0, 2.0, 2.0, 2.0, 0.0]
[2.0, 0.0, 2.0, 2.0, 2.0]
[0.0, 2.0, 2.0, 2.0, 2.0]
[2.0, 2.0, 2.0, 2.0, 2.0]
[2.0, 2.0, 2.0, 2.0, 2.0]
=====================================
第3代 
[2.0, 0.0, 0.0, 2.0, 2.0]
[2.0, 0.0, 0.0, 2.0, 2.0]
[2.0, 0.0, 0.0, 2.0, 2.0]
[0.0, 2.0, 2.0, 2.0, 2.0]
[2.0, 0.0, 2.0, 2.0, 2.0]
[2.0, 2.0, 2.0, 2.0, 0.0]
[0.0, 2.0, 2.0, 2.0, 2.0]
[2.0, 2.0, 2.0, 2.0, 0.0]
[0.0, 2.0, 2.0, 2.0, 2.0]
[2.0, 2.0, 2.0, 2.0, 2.0]
=====================================
第4代 
[2.0, 0.0, 0.0, 2.0, 2.0]
[2.0, 0.0, 0.0, 2.0, 2.0]
[0.0, 2.0, 2.0, 2.0, 2.0]
[2.0, 0.0, 2.0, 2.0, 2.0]
[2.0, 2.0, 2.0, 2.0, 0.0]
[0.0, 2.0, 2.0, 2.0, 2.0]
[2.0, 2.0, 2.0, 2.0, 2.0]
[2.0, 2.0, 2.0, 2.0, 2.0]
[2.0, 2.0, 2.0, 2.0, 2.0]
[2.0, 2.0, 2.0, 2.0, 2.0]
=====================================
第5代 
[2.0, 0.0, 0.0, 2.0, 2.0]
[2.0, 0.0, 0.0, 2.0, 2.0]
[0.0, 2.0, 2.0, 2.0, 2.0]
[2.0, 0.0, 2.0, 2.0, 2.0]
[2.0, 2.0, 2.0, 2.0, 0.0]
[2.0, 2.0, 2.0, 2.0, 0.0]
[0.0, 2.0, 2.0, 2.0, 2.0]
[2.0, 0.0, 2.0, 2.0, 2.0]
[2.0, 2.0, 2.0, 2.0, 2.0]
[0.0, 2.0, 2.0, 2.0, 2.0]
=====================================
第6代 
[0.0, 0.0, 0.0, 2.0, 2.0]
[2.0, 0.0, 0.0, 2.0, 2.0]
[2.0, 0.0, 0.0, 2.0, 2.0]
[0.0, 2.0, 2.0, 2.0, 2.0]
[2.0, 0.0, 2.0, 2.0, 2.0]
[2.0, 2.0, 2.0, 2.0, 0.0]
[0.0, 2.0, 2.0, 2.0, 2.0]
[0.0, 2.0, 2.0, 2.0, 2.0]
[2.0, 0.0, 2.0, 2.0, 2.0]
[2.0, 2.0, 2.0, 2.0, 2.0]
=====================================
第7代 
[2.0, 0.0, 0.0, 2.0, 2.0]
[2.0, 0.0, 0.0, 2.0, 2.0]
[2.0, 0.0, 0.0, 2.0, 2.0]
[0.0, 2.0, 2.0, 2.0, 2.0]
[2.0, 0.0, 2.0, 2.0, 2.0]
[2.0, 2.0, 2.0, 2.0, 0.0]
[0.0, 2.0, 2.0, 2.0, 2.0]
[2.0, 2.0, 2.0, 2.0, 2.0]
[2.0, 2.0, 2.0, 2.0, 2.0]
[2.0, 2.0, 2.0, 2.0, 2.0]
=====================================
第8代 
[2.0, 0.0, 0.0, 2.0, 2.0]
[2.0, 0.0, 0.0, 2.0, 2.0]
[2.0, 0.0, 0.0, 2.0, 2.0]
[0.0, 2.0, 2.0, 2.0, 2.0]
[2.0, 0.0, 2.0, 2.0, 2.0]
[2.0, 2.0, 2.0, 2.0, 0.0]
[2.0, 0.0, 2.0, 2.0, 2.0]
[0.0, 2.0, 2.0, 2.0, 2.0]
[2.0, 2.0, 2.0, 2.0, 2.0]
[2.0, 2.0, 2.0, 2.0, 2.0]
=====================================
第9代 
[2.0, 0.0, 0.0, 2.0, 2.0]
[2.0, 0.0, 0.0, 2.0, 2.0]
[2.0, 0.0, 0.0, 2.0, 2.0]
[2.0, 0.0, 0.0, 2.0, 2.0]
[0.0, 2.0, 2.0, 2.0, 2.0]
[2.0, 0.0, 2.0, 2.0, 2.0]
[2.0, 2.0, 2.0, 2.0, 0.0]
[2.0, 0.0, 2.0, 2.0, 2.0]
[2.0, 2.0, 2.0, 2.0, 2.0]
[2.0, 2.0, 2.0, 2.0, 2.0]
=====================================
第10代 
[2.0, 0.0, 0.0, 2.0, 2.0]
[2.0, 0.0, 0.0, 2.0, 2.0]
[2.0, 0.0, 0.0, 2.0, 2.0]
[2.0, 0.0, 0.0, 2.0, 2.0]
[0.0, 2.0, 2.0, 2.0, 2.0]
[2.0, 0.0, 2.0, 2.0, 2.0]
[2.0, 2.0, 2.0, 2.0, 0.0]
[2.0, 0.0, 2.0, 2.0, 2.0]
[0.0, 2.0, 2.0, 2.0, 2.0]
[2.0, 2.0, 2.0, 2.0, 0.0]
=====================================
第11代 
[0.0, 0.0, 0.0, 2.0, 2.0]
[2.0, 0.0, 0.0, 2.0, 2.0]
[2.0, 0.0, 0.0, 2.0, 2.0]
[2.0, 0.0, 0.0, 2.0, 2.0]
[2.0, 0.0, 0.0, 2.0, 2.0]
[0.0, 2.0, 2.0, 2.0, 2.0]
[2.0, 0.0, 2.0, 2.0, 2.0]
[2.0, 2.0, 2.0, 2.0, 0.0]
[2.0, 2.0, 2.0, 2.0, 0.0]
[2.0, 0.0, 2.0, 2.0, 2.0]
=====================================
第12代 
[0.0, 0.0, 0.0, 2.0, 2.0]
[2.0, 0.0, 0.0, 2.0, 2.0]
[2.0, 0.0, 0.0, 2.0, 2.0]
[0.0, 2.0, 2.0, 2.0, 2.0]
[2.0, 0.0, 2.0, 2.0, 2.0]
[2.0, 2.0, 2.0, 2.0, 0.0]
[2.0, 0.0, 2.0, 2.0, 2.0]
[2.0, 2.0, 2.0, 2.0, 0.0]
[2.0, 2.0, 2.0, 2.0, 2.0]
[2.0, 2.0, 2.0, 2.0, 2.0]
=====================================
第13代 
[0.0, 0.0, 0.0, 2.0, 2.0]
[2.0, 0.0, 0.0, 2.0, 2.0]
[2.0, 0.0, 0.0, 2.0, 2.0]
[0.0, 2.0, 2.0, 2.0, 2.0]
[2.0, 0.0, 2.0, 2.0, 2.0]
[2.0, 2.0, 2.0, 2.0, 0.0]
[0.0, 2.0, 2.0, 2.0, 2.0]
[2.0, 2.0, 2.0, 2.0, 2.0]
[2.0, 2.0, 2.0, 2.0, 2.0]
[0.0, 2.0, 2.0, 2.0, 2.0]
=====================================
第14代 
[0.0, 0.0, 0.0, 2.0, 2.0]
[2.0, 0.0, 0.0, 2.0, 2.0]
[2.0, 0.0, 0.0, 2.0, 2.0]
[0.0, 2.0, 2.0, 2.0, 2.0]
[2.0, 0.0, 2.0, 2.0, 2.0]
[2.0, 2.0, 2.0, 2.0, 0.0]
[2.0, 2.0, 2.0, 2.0, 0.0]
[0.0, 2.0, 2.0, 2.0, 2.0]
[2.0, 0.0, 2.0, 2.0, 2.0]
[2.0, 2.0, 2.0, 2.0, 2.0]
=====================================
第15代 
[2.0, 0.0, 0.0, 2.0, 2.0]
[2.0, 0.0, 0.0, 2.0, 2.0]
[0.0, 2.0, 2.0, 2.0, 2.0]
[2.0, 0.0, 2.0, 2.0, 2.0]
[2.0, 2.0, 2.0, 2.0, 0.0]
[2.0, 2.0, 2.0, 2.0, 0.0]
[2.0, 0.0, 2.0, 2.0, 2.0]
[0.0, 2.0, 2.0, 2.0, 2.0]
[2.0, 2.0, 2.0, 2.0, 2.0]
[2.0, 2.0, 2.0, 2.0, 2.0]
=====================================
第16代 
[0.0, 0.0, 0.0, 2.0, 2.0]
[2.0, 0.0, 0.0, 2.0, 2.0]
[2.0, 0.0, 0.0, 2.0, 2.0]
[0.0, 2.0, 2.0, 2.0, 2.0]
[2.0, 0.0, 2.0, 2.0, 2.0]
[2.0, 2.0, 2.0, 2.0, 0.0]
[2.0, 2.0, 2.0, 2.0, 2.0]
[2.0, 2.0, 2.0, 2.0, 2.0]
[0.0, 2.0, 2.0, 2.0, 2.0]
[0.0, 2.0, 2.0, 2.0, 2.0]
=====================================
第17代 
[0.0, 0.0, 0.0, 2.0, 2.0]
[2.0, 0.0, 0.0, 2.0, 2.0]
[0.0, 2.0, 2.0, 2.0, 2.0]
[2.0, 0.0, 2.0, 2.0, 2.0]
[2.0, 2.0, 2.0, 2.0, 0.0]
[2.0, 0.0, 2.0, 2.0, 2.0]
[0.0, 2.0, 2.0, 2.0, 2.0]
[2.0, 2.0, 2.0, 2.0, 0.0]
[2.0, 2.0, 2.0, 2.0, 2.0]
[2.0, 2.0, 2.0, 2.0, 2.0]
=====================================
第18代 
[2.0, 0.0, 0.0, 2.0, 2.0]
[2.0, 0.0, 0.0, 2.0, 2.0]
[0.0, 2.0, 2.0, 2.0, 2.0]
[2.0, 0.0, 2.0, 2.0, 2.0]
[2.0, 2.0, 2.0, 2.0, 0.0]
[0.0, 2.0, 2.0, 2.0, 2.0]
[2.0, 2.0, 2.0, 2.0, 0.0]
[2.0, 0.0, 2.0, 2.0, 2.0]
[2.0, 2.0, 2.0, 2.0, 2.0]
[2.0, 2.0, 2.0, 2.0, 2.0]
=====================================
第19代 
[2.0, 0.0, 0.0, 2.0, 2.0]
[2.0, 0.0, 0.0, 2.0, 2.0]
[0.0, 2.0, 2.0, 2.0, 2.0]
[2.0, 0.0, 2.0, 2.0, 2.0]
[2.0, 2.0, 2.0, 2.0, 0.0]
[0.0, 2.0, 2.0, 2.0, 2.0]
[2.0, 0.0, 2.0, 2.0, 2.0]
[2.0, 0.0, 2.0, 2.0, 2.0]
[2.0, 2.0, 2.0, 2.0, 2.0]
[2.0, 2.0, 2.0, 2.0, 2.0]
=====================================
第20代 
[0.0, 0.0, 0.0, 2.0, 2.0]
[2.0, 0.0, 0.0, 2.0, 2.0]
[2.0, 0.0, 0.0, 2.0, 2.0]
[0.0, 2.0, 2.0, 2.0, 2.0]
[2.0, 0.0, 2.0, 2.0, 2.0]
[2.0, 2.0, 2.0, 2.0, 0.0]
[0.0, 2.0, 2.0, 2.0, 2.0]
[2.0, 2.0, 2.0, 2.0, 2.0]
[2.0, 2.0, 2.0, 2.0, 2.0]
[2.0, 2.0, 2.0, 2.0, 2.0]
=====================================
第21代 
[0.0, 0.0, 0.0, 2.0, 2.0]
[2.0, 0.0, 0.0, 2.0, 2.0]
[2.0, 0.0, 0.0, 2.0, 2.0]
[0.0, 2.0, 2.0, 2.0, 2.0]
[2.0, 0.0, 2.0, 2.0, 2.0]
[2.0, 2.0, 2.0, 2.0, 0.0]
[2.0, 2.0, 2.0, 2.0, 0.0]
[2.0, 0.0, 2.0, 2.0, 2.0]
[0.0, 2.0, 2.0, 2.0, 2.0]
[2.0, 2.0, 2.0, 2.0, 2.0]
=====================================
第22代 
[0.0, 0.0, 0.0, 2.0, 2.0]
[2.0, 0.0, 0.0, 2.0, 2.0]
[2.0, 0.0, 0.0, 2.0, 2.0]
[0.0, 2.0, 2.0, 2.0, 2.0]
[2.0, 0.0, 2.0, 2.0, 2.0]
[2.0, 2.0, 2.0, 2.0, 0.0]
[0.0, 2.0, 2.0, 2.0, 2.0]
[0.0, 2.0, 2.0, 2.0, 2.0]
[2.0, 2.0, 2.0, 2.0, 0.0]
[2.0, 2.0, 2.0, 2.0, 2.0]
=====================================
第23代 
[0.0, 0.0, 0.0, 2.0, 2.0]
[2.0, 0.0, 0.0, 2.0, 2.0]
[2.0, 0.0, 0.0, 2.0, 2.0]
[0.0, 2.0, 2.0, 2.0, 2.0]
[2.0, 0.0, 2.0, 2.0, 2.0]
[2.0, 2.0, 2.0, 2.0, 0.0]
[0.0, 2.0, 2.0, 2.0, 2.0]
[2.0, 2.0, 2.0, 2.0, 2.0]
[2.0, 2.0, 2.0, 2.0, 2.0]
[2.0, 2.0, 2.0, 2.0, 2.0]
=====================================
第24代 
[0.0, 0.0, 0.0, 2.0, 2.0]
[0.0, 0.0, 0.0, 2.0, 2.0]
[2.0, 0.0, 0.0, 2.0, 2.0]
[0.0, 2.0, 2.0, 2.0, 2.0]
[2.0, 0.0, 2.0, 2.0, 2.0]
[2.0, 2.0, 2.0, 2.0, 0.0]
[0.0, 2.0, 2.0, 2.0, 2.0]
[0.0, 2.0, 2.0, 2.0, 2.0]
[0.0, 2.0, 2.0, 2.0, 2.0]
[2.0, 0.0, 2.0, 2.0, 2.0]
=====================================
第25代 
[0.0, 0.0, 0.0, 2.0, 2.0]
[0.0, 0.0, 0.0, 2.0, 2.0]
[2.0, 0.0, 0.0, 2.0, 2.0]
[0.0, 2.0, 2.0, 2.0, 2.0]
[2.0, 0.0, 2.0, 2.0, 2.0]
[2.0, 2.0, 2.0, 2.0, 0.0]
[0.0, 2.0, 2.0, 2.0, 2.0]
[2.0, 2.0, 2.0, 2.0, 0.0]
[2.0, 2.0, 2.0, 2.0, 2.0]
[2.0, 2.0, 2.0, 2.0, 2.0]
=====================================
第26代 
[0.0, 0.0, 0.0, 2.0, 2.0]
[2.0, 0.0, 0.0, 2.0, 2.0]
[2.0, 0.0, 0.0, 2.0, 2.0]
[0.0, 0.0, 2.0, 2.0, 2.0]
[0.0, 2.0, 0.0, 2.0, 2.0]
[2.0, 0.0, 0.0, 2.0, 2.0]
[0.0, 2.0, 2.0, 2.0, 2.0]
[2.0, 0.0, 2.0, 2.0, 2.0]
[2.0, 2.0, 2.0, 2.0, 0.0]
[0.0, 2.0, 2.0, 2.0, 2.0]
=====================================
第27代 
[0.0, 0.0, 0.0, 2.0, 2.0]
[2.0, 0.0, 0.0, 2.0, 2.0]
[2.0, 0.0, 0.0, 2.0, 2.0]
[0.0, 0.0, 2.0, 2.0, 2.0]
[2.0, 0.0, 0.0, 2.0, 2.0]
[0.0, 2.0, 0.0, 2.0, 2.0]
[0.0, 2.0, 2.0, 2.0, 2.0]
[2.0, 0.0, 2.0, 2.0, 2.0]
[2.0, 2.0, 2.0, 2.0, 0.0]
[2.0, 2.0, 2.0, 2.0, 2.0]
=====================================
第28代 
[0.0, 0.0, 0.0, 2.0, 2.0]
[2.0, 0.0, 0.0, 2.0, 2.0]
[2.0, 0.0, 0.0, 2.0, 2.0]
[2.0, 0.0, 0.0, 2.0, 2.0]
[0.0, 0.0, 2.0, 2.0, 2.0]
[0.0, 2.0, 2.0, 2.0, 2.0]
[2.0, 0.0, 2.0, 2.0, 2.0]
[2.0, 2.0, 2.0, 2.0, 0.0]
[0.0, 2.0, 2.0, 2.0, 2.0]
[0.0, 2.0, 2.0, 2.0, 2.0]
=====================================
第29代 
[0.0, 0.0, 0.0, 2.0, 2.0]
[2.0, 0.0, 0.0, 2.0, 2.0]
[2.0, 0.0, 0.0, 2.0, 2.0]
[2.0, 0.0, 0.0, 2.0, 2.0]
[0.0, 0.0, 2.0, 2.0, 2.0]
[0.0, 2.0, 2.0, 2.0, 2.0]
[2.0, 0.0, 2.0, 2.0, 2.0]
[2.0, 2.0, 2.0, 2.0, 0.0]
[0.0, 2.0, 2.0, 2.0, 2.0]
[2.0, 2.0, 2.0, 2.0, 2.0]
=====================================
第30代 
[0.0, 0.0, 0.0, 2.0, 2.0]
[0.0, 0.0, 0.0, 2.0, 2.0]
[2.0, 0.0, 0.0, 2.0, 2.0]
[0.0, 0.0, 2.0, 2.0, 2.0]
[2.0, 0.0, 0.0, 2.0, 2.0]
[0.0, 2.0, 2.0, 2.0, 2.0]
[2.0, 0.0, 2.0, 2.0, 2.0]
[2.0, 2.0, 2.0, 2.0, 0.0]
[2.0, 0.0, 2.0, 2.0, 2.0]
[2.0, 2.0, 2.0, 2.0, 2.0]
=====================================
第31代 
[0.0, 0.0, 0.0, 2.0, 2.0]
[2.0, 0.0, 0.0, 2.0, 2.0]
[2.0, 0.0, 0.0, 2.0, 2.0]
[0.0, 2.0, 2.0, 2.0, 2.0]
[2.0, 0.0, 2.0, 2.0, 2.0]
[2.0, 2.0, 2.0, 2.0, 0.0]
[2.0, 2.0, 2.0, 2.0, 0.0]
[2.0, 0.0, 2.0, 2.0, 2.0]
[2.0, 2.0, 2.0, 2.0, 2.0]
[2.0, 2.0, 2.0, 2.0, 2.0]
=====================================
第32代 
[0.0, 0.0, 0.0, 2.0, 2.0]
[2.0, 0.0, 0.0, 2.0, 2.0]
[0.0, 2.0, 2.0, 2.0, 2.0]
[2.0, 0.0, 2.0, 2.0, 2.0]
[2.0, 2.0, 2.0, 2.0, 0.0]
[0.0, 2.0, 2.0, 2.0, 2.0]
[0.0, 2.0, 2.0, 2.0, 2.0]
[2.0, 2.0, 2.0, 2.0, 0.0]
[2.0, 2.0, 2.0, 2.0, 2.0]
[2.0, 2.0, 2.0, 2.0, 2.0]
=====================================
第33代 
[0.0, 0.0, 0.0, 2.0, 2.0]
[0.0, 0.0, 0.0, 2.0, 2.0]
[2.0, 0.0, 0.0, 2.0, 2.0]
[2.0, 0.0, 0.0, 2.0, 2.0]
[0.0, 2.0, 2.0, 2.0, 2.0]
[2.0, 0.0, 2.0, 2.0, 2.0]
[2.0, 2.0, 2.0, 2.0, 0.0]
[2.0, 2.0, 0.0, 2.0, 2.0]
[2.0, 0.0, 2.0, 2.0, 2.0]
[2.0, 0.0, 2.0, 2.0, 2.0]
=====================================
第34代 
[0.0, 0.0, 0.0, 2.0, 2.0]
[0.0, 0.0, 0.0, 2.0, 2.0]
[0.0, 0.0, 0.0, 2.0, 2.0]
[2.0, 0.0, 0.0, 2.0, 2.0]
[2.0, 0.0, 0.0, 2.0, 2.0]
[0.0, 2.0, 2.0, 2.0, 2.0]
[2.0, 0.0, 2.0, 2.0, 2.0]
[2.0, 2.0, 2.0, 2.0, 0.0]
[0.0, 2.0, 2.0, 2.0, 2.0]
[2.0, 0.0, 2.0, 2.0, 2.0]
=====================================
第35代 
[0.0, 0.0, 0.0, 2.0, 2.0]
[0.0, 0.0, 0.0, 2.0, 2.0]
[2.0, 0.0, 0.0, 2.0, 2.0]
[0.0, 2.0, 0.0, 2.0, 2.0]
[0.0, 2.0, 2.0, 2.0, 2.0]
[2.0, 0.0, 2.0, 2.0, 2.0]
[2.0, 2.0, 2.0, 2.0, 0.0]
[0.0, 2.0, 2.0, 2.0, 2.0]
[2.0, 2.0, 2.0, 2.0, 2.0]
[2.0, 2.0, 2.0, 2.0, 2.0]
=====================================
第36代 
[0.0, 0.0, 0.0, 2.0, 2.0]
[2.0, 0.0, 0.0, 2.0, 2.0]
[0.0, 2.0, 0.0, 2.0, 2.0]
[0.0, 2.0, 2.0, 2.0, 2.0]
[2.0, 0.0, 2.0, 2.0, 2.0]
[2.0, 2.0, 2.0, 2.0, 0.0]
[2.0, 2.0, 2.0, 2.0, 2.0]
[2.0, 2.0, 2.0, 2.0, 2.0]
[2.0, 2.0, 2.0, 2.0, 2.0]
[0.0, 2.0, 2.0, 2.0, 2.0]
=====================================
第37代 
[0.0, 0.0, 0.0, 2.0, 2.0]
[2.0, 0.0, 0.0, 2.0, 2.0]
[2.0, 0.0, 0.0, 2.0, 2.0]
[0.0, 2.0, 2.0, 2.0, 2.0]
[2.0, 0.0, 2.0, 2.0, 2.0]
[2.0, 2.0, 2.0, 2.0, 0.0]
[2.0, 0.0, 2.0, 2.0, 2.0]
[0.0, 2.0, 2.0, 2.0, 2.0]
[2.0, 2.0, 2.0, 2.0, 0.0]
[2.0, 2.0, 2.0, 2.0, 2.0]
=====================================
第38代 
[0.0, 0.0, 0.0, 2.0, 2.0]
[2.0, 0.0, 0.0, 2.0, 2.0]
[0.0, 2.0, 2.0, 2.0, 2.0]
[2.0, 0.0, 2.0, 2.0, 2.0]
[2.0, 2.0, 2.0, 2.0, 0.0]
[0.0, 2.0, 2.0, 2.0, 2.0]
[2.0, 2.0, 2.0, 2.0, 0.0]
[2.0, 2.0, 2.0, 2.0, 2.0]
[2.0, 2.0, 2.0, 2.0, 2.0]
[0.0, 2.0, 2.0, 2.0, 2.0]
=====================================
第39代 
[0.0, 0.0, 0.0, 2.0, 2.0]
[0.0, 0.0, 0.0, 2.0, 2.0]
[2.0, 0.0, 0.0, 2.0, 2.0]
[2.0, 0.0, 0.0, 2.0, 2.0]
[0.0, 2.0, 2.0, 2.0, 2.0]
[2.0, 0.0, 2.0, 2.0, 2.0]
[2.0, 2.0, 2.0, 2.0, 0.0]
[2.0, 2.0, 2.0, 2.0, 0.0]
[0.0, 2.0, 2.0, 2.0, 2.0]
[2.0, 0.0, 2.0, 2.0, 2.0]
=====================================
第40代 
[0.0, 0.0, 0.0, 2.0, 2.0]
[0.0, 0.0, 0.0, 2.0, 2.0]
[2.0, 0.0, 0.0, 2.0, 2.0]
[2.0, 0.0, 0.0, 2.0, 2.0]
[0.0, 2.0, 2.0, 2.0, 2.0]
[2.0, 0.0, 2.0, 2.0, 2.0]
[2.0, 2.0, 2.0, 2.0, 0.0]
[2.0, 2.0, 2.0, 2.0, 0.0]
[0.0, 2.0, 2.0, 2.0, 2.0]
[2.0, 2.0, 2.0, 2.0, 2.0]
=====================================
第41代 
[0.0, 0.0, 0.0, 2.0, 2.0]
[0.0, 0.0, 0.0, 2.0, 2.0]
[0.0, 0.0, 0.0, 2.0, 2.0]
[2.0, 0.0, 0.0, 2.0, 2.0]
[0.0, 2.0, 0.0, 2.0, 2.0]
[0.0, 2.0, 2.0, 2.0, 2.0]
[2.0, 0.0, 2.0, 2.0, 2.0]
[2.0, 2.0, 2.0, 2.0, 0.0]
[2.0, 2.0, 2.0, 2.0, 0.0]
[2.0, 2.0, 2.0, 2.0, 2.0]
=====================================
第42代 
[0.0, 0.0, 0.0, 2.0, 2.0]
[0.0, 0.0, 0.0, 2.0, 2.0]
[0.0, 0.0, 0.0, 2.0, 2.0]
[2.0, 0.0, 0.0, 2.0, 2.0]
[2.0, 0.0, 0.0, 2.0, 2.0]
[0.0, 2.0, 0.0, 2.0, 2.0]
[0.0, 2.0, 2.0, 2.0, 2.0]
[2.0, 0.0, 2.0, 2.0, 2.0]
[2.0, 2.0, 2.0, 2.0, 0.0]
[2.0, 2.0, 2.0, 2.0, 0.0]
=====================================
第43代 
[0.0, 0.0, 0.0, 2.0, 2.0]
[0.0, 0.0, 0.0, 2.0, 2.0]
[0.0, 0.0, 0.0, 2.0, 2.0]
[2.0, 0.0, 0.0, 2.0, 2.0]
[2.0, 0.0, 0.0, 2.0, 2.0]
[0.0, 2.0, 2.0, 2.0, 2.0]
[2.0, 0.0, 2.0, 2.0, 2.0]
[2.0, 2.0, 2.0, 2.0, 0.0]
[2.0, 2.0, 2.0, 2.0, 0.0]
[0.0, 2.0, 2.0, 2.0, 2.0]
=====================================
第44代 
[0.0, 0.0, 0.0, 2.0, 2.0]
[0.0, 0.0, 0.0, 2.0, 2.0]
[2.0, 0.0, 0.0, 2.0, 2.0]
[2.0, 0.0, 0.0, 2.0, 2.0]
[0.0, 2.0, 2.0, 2.0, 2.0]
[2.0, 0.0, 2.0, 2.0, 2.0]
[2.0, 2.0, 2.0, 2.0, 0.0]
[2.0, 2.0, 2.0, 2.0, 0.0]
[0.0, 2.0, 2.0, 2.0, 2.0]
[2.0, 2.0, 2.0, 2.0, 2.0]
=====================================
